1.540549e+02 8.00
1.315422e+02 8.10
8.925217e+01 8.20
7.981446e+01 8.30
5.044767e+01 8.40
4.714684e+01 8.50
2.799371e+01 8.60
2.664160e+01 8.70
1.646282e+01 8.80
1.423017e+01 8.90
1.286726e+01 9.00
7.433645e+00 9.10
7.065965e+00 9.20
3.611464e+00 9.30
3.529643e+00 9.40
2.372996e+00 9.50
1.599916e+00 9.60
1.423454e+00 9.70
7.122211e-01 9.80
6.716518e-01 9.90
2.863455e-01 10.00
2.627333e-01 10.10
2.157693e-01 10.20
1.061173e-01 10.30
9.217656e-02 10.40
3.902416e-02 10.50
3.595043e-02 10.60
1.854604e-02 10.70
1.098484e-02 10.80
8.000923e-03 10.90
3.617596e-03 11.00
