1.596503e+02 8.00
1.361632e+02 8.10
9.271019e+01 8.20
8.280969e+01 8.30
5.257365e+01 8.40
4.907673e+01 8.50
2.931329e+01 8.60
2.784512e+01 8.70
1.533131e+01 8.80
1.495861e+01 8.90
1.392552e+01 9.00
7.871499e+00 9.10
7.461923e+00 9.20
3.855818e+00 9.30
3.763008e+00 9.40
2.530855e+00 9.50
1.722182e+00 9.60
1.526836e+00 9.70
7.774935e-01 9.80
7.309431e-01 9.90
3.170526e-01 10.00
2.900799e-01 10.10
2.380817e-01 10.20
1.194780e-01 10.30
1.033783e-01 10.40
4.501687e-02 10.50
4.128669e-02 10.60
2.148616e-02 10.70
1.291951e-02 10.80
9.439891e-03 10.90
4.398334e-03 11.00
