1.573478e+02 8.00
1.345409e+02 8.10
9.079104e+01 8.20
8.130854e+01 8.30
5.104836e+01 8.40
4.777215e+01 8.50
2.812581e+01 8.60
2.682072e+01 8.70
1.660049e+01 8.80
1.410648e+01 8.90
1.330032e+01 9.00
7.344784e+00 9.10
7.000139e+00 9.20
3.527472e+00 9.30
3.452282e+00 9.40
2.317777e+00 9.50
1.544365e+00 9.60
1.357062e+00 9.70
6.754600e-01 9.80
6.387499e-01 9.90
2.666841e-01 10.00
2.453102e-01 10.10
2.014725e-01 10.20
9.679256e-02 10.30
8.434747e-02 10.40
3.462102e-02 10.50
3.201304e-02 10.60
1.634442e-02 10.70
9.512227e-03 10.80
6.903201e-03 10.90
3.021638e-03 11.00
