1.968260e+02 8.00
1.677921e+02 8.10
1.141687e+02 8.20
1.024518e+02 8.30
6.425313e+01 8.40
6.037548e+01 8.50
3.591733e+01 8.60
3.382340e+01 8.70
2.806096e+01 8.80
1.846980e+01 8.90
1.698757e+01 9.00
9.436234e+00 9.10
8.981678e+00 9.20
4.555152e+00 9.30
4.455377e+00 9.40
2.943725e+00 9.50
1.958916e+00 9.60
1.808168e+00 9.70
8.170085e-01 9.80
8.423479e-01 9.90
2.823105e-01 10.00
2.607059e-01 10.10
2.022477e-01 10.20
7.007098e-02 10.30
6.301500e-02 10.40
-5.525758e-03 10.50
7.526625e-04 10.60
-1.218255e-02 10.70
-1.302153e-02 10.80
-2.007224e-02 10.90
-1.426028e-02 11.00
