1.967819e+02 8.00
1.542946e+02 8.10
1.204426e+02 8.20
9.358400e+01 8.30
7.235778e+01 8.40
5.566725e+01 8.50
4.259539e+01 8.60
3.241115e+01 8.70
2.451344e+01 8.80
1.841868e+01 8.90
1.374340e+01 9.00
1.017740e+01 9.10
7.475577e+00 9.20
5.444635e+00 9.30
3.927432e+00 9.40
2.803620e+00 9.50
1.976444e+00 9.60
1.374659e+00 9.70
9.406832e-01 9.80
6.322452e-01 9.90
4.151894e-01 10.00
2.649392e-01 10.10
1.626180e-01 10.20
9.456610e-02 10.30
5.038303e-02 10.40
2.271068e-02 10.50
6.203126e-03 10.60
-2.977423e-03 10.70
-7.479646e-03 10.80
-9.114530e-03 10.90
-9.080571e-03 11.00
