2.432312e+02 8.00
1.932086e+02 8.10
1.529290e+02 8.20
1.205948e+02 8.30
9.473401e+01 8.40
7.412056e+01 8.50
5.775196e+01 8.60
4.480408e+01 8.70
3.460265e+01 8.80
2.659967e+01 8.90
2.034852e+01 9.00
1.548764e+01 9.10
1.172427e+01 9.20
8.827335e+00 9.30
6.606976e+00 9.40
4.915328e+00 9.50
3.633620e+00 9.60
2.668029e+00 9.70
1.945296e+00 9.80
1.407947e+00 9.90
1.011184e+00 10.00
7.201507e-01 10.10
5.084397e-01 10.20
3.556823e-01 10.30
2.463957e-01 10.40
1.689233e-01 10.50
1.145286e-01 10.60
7.673392e-02 10.70
5.076176e-02 10.80
3.312291e-02 10.90
2.129904e-02 11.00
