9.594678e+02 8.00
7.775835e+02 8.10
6.060774e+02 8.20
4.920490e+02 8.30
3.685906e+02 8.40
3.115534e+02 8.50
2.044202e+02 8.60
1.952171e+02 8.70
1.131838e+02 8.80
1.103122e+02 8.90
1.021995e+02 9.00
6.175971e+01 9.10
5.880106e+01 9.20
3.210577e+01 9.30
3.145312e+01 9.40
2.170488e+01 9.50
1.531798e+01 9.60
1.351830e+01 9.70
7.362434e+00 9.80
6.957209e+00 9.90
3.205457e+00 10.00
2.952340e+00 10.10
2.452845e+00 10.20
1.296678e+00 10.30
1.131113e+00 10.40
5.224628e-01 10.50
4.819015e-01 10.60
2.595693e-01 10.70
1.619331e-01 10.80
1.202527e-01 10.90
5.901334e-02 11.00
