1.981771e+02 8.00
1.695710e+02 8.10
1.156044e+02 8.20
1.035326e+02 8.30
6.579388e+01 8.40
6.154504e+01 8.50
3.675544e+01 8.60
3.500549e+01 8.70
2.053354e+01 8.80
1.869065e+01 8.90
1.730935e+01 9.00
9.898838e+00 9.10
9.415262e+00 9.20
4.842423e+00 9.30
4.734163e+00 9.40
3.193780e+00 9.50
2.161134e+00 9.60
1.897516e+00 9.70
9.682737e-01 9.80
9.137759e-01 9.90
3.919619e-01 10.00
3.599602e-01 10.10
2.960271e-01 10.20
1.462374e-01 10.30
1.271789e-01 10.40
5.408141e-02 10.50
4.986532e-02 10.60
2.580823e-02 10.70
1.533094e-02 10.80
1.118155e-02 10.90
5.071850e-03 11.00
