1.984337e+02 8.00
1.559587e+02 8.10
1.220441e+02 8.20
9.508538e+01 8.30
7.373823e+01 8.40
5.690468e+01 8.50
4.369187e+01 8.60
3.336970e+01 8.70
2.534315e+01 8.80
1.913635e+01 8.90
1.436096e+01 9.00
1.070735e+01 9.10
7.929578e+00 9.20
5.830648e+00 9.30
4.254747e+00 9.40
3.080250e+00 9.50
2.211238e+00 9.60
1.573156e+00 9.70
1.108600e+00 9.80
7.733296e-01 9.90
5.337121e-01 10.00
3.640970e-01 10.10
2.453378e-01 10.20
1.631322e-01 10.30
1.069409e-01 10.40
6.903126e-02 10.50
4.382657e-02 10.60
2.732401e-02 10.70
1.670312e-02 10.80
9.992882e-03 10.90
5.838741e-03 11.00
