1.981739e+02 8.00
1.695683e+02 8.10
1.156030e+02 8.20
1.035314e+02 8.30
6.579332e+01 8.40
6.154451e+01 8.50
3.675522e+01 8.60
3.500528e+01 8.70
2.053345e+01 8.80
1.869057e+01 8.90
1.730928e+01 9.00
9.898810e+00 9.10
9.415236e+00 9.20
4.842414e+00 9.30
4.734154e+00 9.40
3.193775e+00 9.50
2.161131e+00 9.60
1.897513e+00 9.70
9.682730e-01 9.80
9.137752e-01 9.90
3.919617e-01 10.00
3.599601e-01 10.10
2.960270e-01 10.20
1.462374e-01 10.30
1.271788e-01 10.40
5.408141e-02 10.50
4.986532e-02 10.60
2.580823e-02 10.70
1.533094e-02 10.80
1.118155e-02 10.90
5.071850e-03 11.00
