2.441981e+02 8.00
2.085439e+02 8.10
1.458513e+02 8.20
1.303287e+02 8.30
8.553224e+01 8.40
7.970944e+01 8.50
4.963453e+01 8.60
4.684525e+01 8.70
3.122119e+01 8.80
2.624626e+01 8.90
2.424182e+01 9.00
1.456056e+01 9.10
1.366536e+01 9.20
7.563927e+00 9.30
7.330624e+00 9.40
5.015236e+00 9.50
3.584231e+00 9.60
3.100363e+00 9.70
1.764894e+00 9.80
1.601717e+00 9.90
8.106111e-01 10.00
7.094958e-01 10.10
5.875828e-01 10.20
3.293961e-01 10.30
2.790080e-01 10.40
1.448865e-01 10.50
1.281838e-01 10.60
7.166990e-02 10.70
4.660437e-02 10.80
3.355532e-02 10.90
2.017009e-02 11.00
