3.181834e-03 8.00
2.640120e-03 8.10
1.360119e-03 8.20
1.206523e-03 8.30
5.572710e-04 8.40
5.224398e-04 8.50
2.191134e-04 8.60
2.111324e-04 8.70
8.967404e-05 8.80
7.876472e-05 8.90
7.451368e-05 9.00
2.766012e-05 9.10
2.683511e-05 9.20
8.880852e-06 9.30
8.767393e-06 9.40
5.387218e-06 9.50
2.562400e-06 9.60
2.367929e-06 9.70
7.033978e-07 9.80
6.759087e-07 9.90
1.718204e-07 10.00
1.602326e-07 10.10
1.287424e-07 10.20
3.752010e-08 10.30
3.313619e-08 10.40
7.674664e-09 10.50
7.243670e-09 10.60
3.079748e-09 10.70
1.213641e-09 10.80
8.353836e-10 10.90
2.057629e-10 11.00
